0 0 0 0 0 0 0 0 0 0 0 0 0 0 0 0 0 0 
0 0 0 1 0 1 1 0 0 1 1 0 0 1 1 1 0 0 
0 0 0 0 0 0 0 0 0 0 1 0 1 0 0 1 0 0 
0 0 0 0 1 1 0 1 1 1 0 0 1 0 1 0 0 0 
0 0 0 0 1 0 0 0 1 1 1 1 1 1 1 1 0 0 
0 1 1 1 0 0 0 1 0 1 0 0 0 1 0 1 1 0 
0 1 0 1 0 1 0 0 0 0 1 1 1 0 0 0 0 0 
1 0 1 1 0 0 0 1 0 1 0 0 0 1 0 0 0 0 
0 1 0 0 0 1 1 0 1 0 1 1 1 1 0 1 1 0 
1 1 0 0 1 1 0 1 1 1 0 1 1 1 0 0 0 0 
0 0 0 0 0 0 0 0 0 0 0 0 0 0 0 0 0 0 
1 0 1 1 0 1 1 0 0 0 1 1 1 0 0 1 0 0 
0 0 1 0 0 0 1 0 0 0 0 1 0 1 1 0 1 0 
0 0 1 1 0 1 1 0 0 1 0 0 1 1 1 0 0 0 
0 0 0 0 0 0 0 0 0 0 0 0 0 0 0 0 0 0 
0 0 0 1 0 1 0 0 0 1 0 0 1 0 0 0 0 0 
1 0 1 0 0 0 0 0 0 0 0 0 1 0 1 0 0 0 
0 0 1 1 0 0 0 1 0 0 1 1 1 0 1 0 0 0 

grupa 0
26-37
26-62
26-80
37-52
37-61
37-99
59-96
68-72
68-80
72-96

grupa 1
0-39
0-54
33-46
33-54
33-55
39-45
40-64
41-64
41-81
45-46
46-55
46-81
54-74
55-58
58-64

grupa 2
19-70
19-91
21-69
21-91
21-97
25-73
25-91
42-44
42-97
44-91
70-92

grupa 3
4-75
7-50
7-75
7-82
22-89
38-43
38-88
50-66
50-88
75-89

grupa 4
9-14
9-28
13-18
14-32
14-84
14-100
14-103
18-20
20-67
20-103
32-84
36-100

grupa 5
10-57
15-23
23-29
23-57
23-87
27-77
27-104
29-51
29-104
77-86

grupa 6
30-85
30-95
35-63
63-102
85-95
85-102

grupa 7
1-71
1-79
1-101
3-71
31-71
31-94
34-71
56-71
71-93
93-94
93-101

grupa 8
2-5
2-76
5-49
6-16
6-98
12-98
16-48
49-98
83-98

grupa 9
8-47
8-60
11-17
11-24
11-47
24-47
24-53
53-60
60-90
65-78
78-90

